age_min,age_max,age_group,sex,value,nutrient_ndb_num,unit_cd_nih
0.0,0.5,1,,200.0,301,4
0.0,0.5,1,,0.2,862,5
0.0,0.5,1,,200.0,312,5
0.0,0.5,1,,0.01,313,4
0.0,0.5,1,,110.0,863,5
0.0,0.5,1,,0.27,303,4
0.0,0.5,1,,30.0,304,4
0.0,0.5,1,,0.003,315,4
0.0,0.5,1,,2.0,864,5
0.0,0.5,1,,100.0,305,4
0.0,0.5,1,,15.0,317,5
0.0,0.5,1,,2.0,309,4
0.0,0.5,1,,400.0,306,4
0.0,0.5,1,,110.0,307,4
0.0,0.5,1,,0.18,865,1
0.583333333333333,0.916666666666667,1,,260.0,301,4
0.583333333333333,0.916666666666667,1,,5.5,862,5
0.583333333333333,0.916666666666667,1,,220.0,312,5
0.583333333333333,0.916666666666667,1,,0.5,313,4
0.583333333333333,0.916666666666667,1,,130.0,863,5
0.583333333333333,0.916666666666667,1,,11.0,303,4
0.583333333333333,0.916666666666667,1,,75.0,304,4
0.583333333333333,0.916666666666667,1,,0.6,315,4
0.583333333333333,0.916666666666667,1,,3.0,864,5
0.583333333333333,0.916666666666667,1,,275.0,305,4
0.583333333333333,0.916666666666667,1,,20.0,317,5
0.583333333333333,0.916666666666667,1,,3.0,309,4
0.583333333333333,0.916666666666667,1,,860.0,306,4
0.583333333333333,0.916666666666667,1,,370.0,307,4
0.583333333333333,0.916666666666667,1,,0.57,865,1
1.0,3.0,2,,700.0,301,4
1.0,3.0,2,,11.0,862,5
1.0,3.0,2,,340.0,312,5
1.0,3.0,2,,0.7,313,4
1.0,3.0,2,,90.0,863,5
1.0,3.0,2,,7.0,303,4
1.0,3.0,2,,80.0,304,4
1.0,3.0,2,,1.2,315,4
1.0,3.0,2,,17.0,864,5
1.0,3.0,2,,460.0,305,4
1.0,3.0,2,,20.0,317,5
1.0,3.0,2,,3.0,309,4
1.0,3.0,2,,2000.0,306,4
1.0,3.0,2,,800.0,307,4
1.0,3.0,2,,1.5,865,1
4.0,8.0,2,,1000.0,301,4
4.0,8.0,2,,15.0,862,5
4.0,8.0,2,,440.0,312,5
4.0,8.0,2,,1.0,313,4
4.0,8.0,2,,90.0,863,5
4.0,8.0,2,,10.0,303,4
4.0,8.0,2,,130.0,304,4
4.0,8.0,2,,1.5,315,4
4.0,8.0,2,,22.0,864,5
4.0,8.0,2,,500.0,305,4
4.0,8.0,2,,30.0,317,5
4.0,8.0,2,,5.0,309,4
4.0,8.0,2,,2300.0,306,4
4.0,8.0,2,,1000.0,307,4
4.0,8.0,2,,1.9,865,1
9.0,13.0,2,1.0,1300.0,301,4
9.0,13.0,2,1.0,25.0,862,5
9.0,13.0,2,1.0,700.0,312,5
9.0,13.0,2,1.0,2.0,313,4
9.0,13.0,2,1.0,120.0,863,5
9.0,13.0,2,1.0,8.0,303,4
9.0,13.0,2,1.0,240.0,304,4
9.0,13.0,2,1.0,1.9,315,4
9.0,13.0,2,1.0,34.0,864,5
9.0,13.0,2,1.0,1250.0,305,4
9.0,13.0,2,1.0,40.0,317,5
9.0,13.0,2,1.0,8.0,309,4
9.0,13.0,2,1.0,2500.0,306,4
9.0,13.0,2,1.0,1200.0,307,4
9.0,13.0,2,1.0,2.3,865,1
14.0,18.0,3,1.0,1300.0,301,4
14.0,18.0,3,1.0,35.0,862,5
14.0,18.0,3,1.0,890.0,312,5
14.0,18.0,3,1.0,3.0,313,4
14.0,18.0,3,1.0,150.0,863,5
14.0,18.0,3,1.0,11.0,303,4
14.0,18.0,3,1.0,410.0,304,4
14.0,18.0,3,1.0,2.2,315,4
14.0,18.0,3,1.0,43.0,864,5
14.0,18.0,3,1.0,1250.0,305,4
14.0,18.0,3,1.0,55.0,317,5
14.0,18.0,3,1.0,11.0,309,4
14.0,18.0,3,1.0,3000.0,306,4
14.0,18.0,3,1.0,1500.0,307,4
14.0,18.0,3,1.0,2.3,865,1
19.0,30.0,4,1.0,1000.0,301,4
19.0,30.0,4,1.0,35.0,862,5
19.0,30.0,4,1.0,900.0,312,5
19.0,30.0,4,1.0,4.0,313,4
19.0,30.0,4,1.0,150.0,863,5
19.0,30.0,4,1.0,8.0,303,4
19.0,30.0,4,1.0,400.0,304,4
19.0,30.0,4,1.0,2.3,315,4
19.0,30.0,4,1.0,45.0,864,5
19.0,30.0,4,1.0,700.0,305,4
19.0,30.0,4,1.0,55.0,317,5
19.0,30.0,4,1.0,11.0,309,4
19.0,30.0,4,1.0,3400.0,306,4
19.0,30.0,4,1.0,1500.0,307,4
19.0,30.0,4,1.0,2.3,865,1
31.0,50.0,4,1.0,1000.0,301,4
31.0,50.0,4,1.0,35.0,862,5
31.0,50.0,4,1.0,900.0,312,5
31.0,50.0,4,1.0,4.0,313,4
31.0,50.0,4,1.0,150.0,863,5
31.0,50.0,4,1.0,8.0,303,4
31.0,50.0,4,1.0,420.0,304,4
31.0,50.0,4,1.0,2.3,315,4
31.0,50.0,4,1.0,45.0,864,5
31.0,50.0,4,1.0,700.0,305,4
31.0,50.0,4,1.0,55.0,317,5
31.0,50.0,4,1.0,11.0,309,4
31.0,50.0,4,1.0,3400.0,306,4
31.0,50.0,4,1.0,1500.0,307,4
31.0,50.0,4,1.0,2.3,865,1
51.0,70.0,4,1.0,1000.0,301,4
51.0,70.0,4,1.0,30.0,862,5
51.0,70.0,4,1.0,900.0,312,5
51.0,70.0,4,1.0,4.0,313,4
51.0,70.0,4,1.0,150.0,863,5
51.0,70.0,4,1.0,8.0,303,4
51.0,70.0,4,1.0,420.0,304,4
51.0,70.0,4,1.0,2.3,315,4
51.0,70.0,4,1.0,45.0,864,5
51.0,70.0,4,1.0,700.0,305,4
51.0,70.0,4,1.0,55.0,317,5
51.0,70.0,4,1.0,11.0,309,4
51.0,70.0,4,1.0,3400.0,306,4
51.0,70.0,4,1.0,1500.0,307,4
51.0,70.0,4,1.0,2.0,865,1
71.0,200.0,5,1.0,1200.0,301,4
71.0,200.0,5,1.0,30.0,862,5
71.0,200.0,5,1.0,900.0,312,5
71.0,200.0,5,1.0,4.0,313,4
71.0,200.0,5,1.0,150.0,863,5
71.0,200.0,5,1.0,8.0,303,4
71.0,200.0,5,1.0,420.0,304,4
71.0,200.0,5,1.0,2.3,315,4
71.0,200.0,5,1.0,45.0,864,5
71.0,200.0,5,1.0,700.0,305,4
71.0,200.0,5,1.0,55.0,317,5
71.0,200.0,5,1.0,11.0,309,4
71.0,200.0,5,1.0,3400.0,306,4
71.0,200.0,5,1.0,1500.0,307,4
71.0,200.0,5,1.0,1.8,865,1
9.0,13.0,2,2.0,1300.0,301,4
9.0,13.0,2,2.0,21.0,862,5
9.0,13.0,2,2.0,700.0,312,5
9.0,13.0,2,2.0,2.0,313,4
9.0,13.0,2,2.0,120.0,863,5
9.0,13.0,2,2.0,8.0,303,4
9.0,13.0,2,2.0,240.0,304,4
9.0,13.0,2,2.0,1.6,315,4
9.0,13.0,2,2.0,34.0,864,5
9.0,13.0,2,2.0,1250.0,305,4
9.0,13.0,2,2.0,40.0,317,5
9.0,13.0,2,2.0,8.0,309,4
9.0,13.0,2,2.0,2300.0,306,4
9.0,13.0,2,2.0,1200.0,307,4
9.0,13.0,2,2.0,2.3,865,1
14.0,18.0,3,2.0,1300.0,301,4
14.0,18.0,3,2.0,24.0,862,5
14.0,18.0,3,2.0,890.0,312,5
14.0,18.0,3,2.0,3.0,313,4
14.0,18.0,3,2.0,150.0,863,5
14.0,18.0,3,2.0,15.0,303,4
14.0,18.0,3,2.0,360.0,304,4
14.0,18.0,3,2.0,1.6,315,4
14.0,18.0,3,2.0,43.0,864,5
14.0,18.0,3,2.0,1250.0,305,4
14.0,18.0,3,2.0,55.0,317,5
14.0,18.0,3,2.0,9.0,309,4
14.0,18.0,3,2.0,2300.0,306,4
14.0,18.0,3,2.0,1500.0,307,4
14.0,18.0,3,2.0,2.3,865,1
19.0,30.0,4,2.0,1000.0,301,4
19.0,30.0,4,2.0,25.0,862,5
19.0,30.0,4,2.0,900.0,312,5
19.0,30.0,4,2.0,3.0,313,4
19.0,30.0,4,2.0,150.0,863,5
19.0,30.0,4,2.0,18.0,303,4
19.0,30.0,4,2.0,310.0,304,4
19.0,30.0,4,2.0,1.8,315,4
19.0,30.0,4,2.0,45.0,864,5
19.0,30.0,4,2.0,700.0,305,4
19.0,30.0,4,2.0,55.0,317,5
19.0,30.0,4,2.0,8.0,309,4
19.0,30.0,4,2.0,2600.0,306,4
19.0,30.0,4,2.0,1500.0,307,4
19.0,30.0,4,2.0,2.3,865,1
31.0,50.0,4,2.0,1000.0,301,4
31.0,50.0,4,2.0,25.0,862,5
31.0,50.0,4,2.0,900.0,312,5
31.0,50.0,4,2.0,3.0,313,4
31.0,50.0,4,2.0,150.0,863,5
31.0,50.0,4,2.0,18.0,303,4
31.0,50.0,4,2.0,320.0,304,4
31.0,50.0,4,2.0,1.8,315,4
31.0,50.0,4,2.0,45.0,864,5
31.0,50.0,4,2.0,700.0,305,4
31.0,50.0,4,2.0,55.0,317,5
31.0,50.0,4,2.0,8.0,309,4
31.0,50.0,4,2.0,2600.0,306,4
31.0,50.0,4,2.0,1500.0,307,4
31.0,50.0,4,2.0,2.3,865,1
51.0,70.0,4,2.0,1200.0,301,4
51.0,70.0,4,2.0,20.0,862,5
51.0,70.0,4,2.0,900.0,312,5
51.0,70.0,4,2.0,3.0,313,4
51.0,70.0,4,2.0,150.0,863,5
51.0,70.0,4,2.0,8.0,303,4
51.0,70.0,4,2.0,320.0,304,4
51.0,70.0,4,2.0,1.8,315,4
51.0,70.0,4,2.0,45.0,864,5
51.0,70.0,4,2.0,700.0,305,4
51.0,70.0,4,2.0,55.0,317,5
51.0,70.0,4,2.0,8.0,309,4
51.0,70.0,4,2.0,2600.0,306,4
51.0,70.0,4,2.0,1500.0,307,4
51.0,70.0,4,2.0,2.0,865,1
71.0,200.0,5,2.0,1200.0,301,4
71.0,200.0,5,2.0,20.0,862,5
71.0,200.0,5,2.0,900.0,312,5
71.0,200.0,5,2.0,3.0,313,4
71.0,200.0,5,2.0,150.0,863,5
71.0,200.0,5,2.0,8.0,303,4
71.0,200.0,5,2.0,320.0,304,4
71.0,200.0,5,2.0,1.8,315,4
71.0,200.0,5,2.0,45.0,864,5
71.0,200.0,5,2.0,700.0,305,4
71.0,200.0,5,2.0,55.0,317,5
71.0,200.0,5,2.0,8.0,309,4
71.0,200.0,5,2.0,2600.0,306,4
71.0,200.0,5,2.0,1500.0,307,4
71.0,200.0,5,2.0,1.8,865,1
14.0,18.0,3,3.0,1300.0,301,4
14.0,18.0,3,3.0,29.0,862,5
14.0,18.0,3,3.0,1000.0,312,5
14.0,18.0,3,3.0,3.0,313,4
14.0,18.0,3,3.0,220.0,863,5
14.0,18.0,3,3.0,27.0,303,4
14.0,18.0,3,3.0,400.0,304,4
14.0,18.0,3,3.0,2.0,315,4
14.0,18.0,3,3.0,50.0,864,5
14.0,18.0,3,3.0,1250.0,305,4
14.0,18.0,3,3.0,60.0,317,5
14.0,18.0,3,3.0,12.0,309,4
14.0,18.0,3,3.0,2600.0,306,4
14.0,18.0,3,3.0,1500.0,307,4
14.0,18.0,3,3.0,2.3,865,1
19.0,30.0,4,3.0,1000.0,301,4
19.0,30.0,4,3.0,30.0,862,5
19.0,30.0,4,3.0,1000.0,312,5
19.0,30.0,4,3.0,3.0,313,4
19.0,30.0,4,3.0,220.0,863,5
19.0,30.0,4,3.0,27.0,303,4
19.0,30.0,4,3.0,350.0,304,4
19.0,30.0,4,3.0,2.0,315,4
19.0,30.0,4,3.0,50.0,864,5
19.0,30.0,4,3.0,700.0,305,4
19.0,30.0,4,3.0,60.0,317,5
19.0,30.0,4,3.0,11.0,309,4
19.0,30.0,4,3.0,2900.0,306,4
19.0,30.0,4,3.0,1500.0,307,4
19.0,30.0,4,3.0,2.3,865,1
31.0,50.0,4,3.0,1000.0,301,4
31.0,50.0,4,3.0,30.0,862,5
31.0,50.0,4,3.0,1000.0,312,5
31.0,50.0,4,3.0,3.0,313,4
31.0,50.0,4,3.0,220.0,863,5
31.0,50.0,4,3.0,27.0,303,4
31.0,50.0,4,3.0,360.0,304,4
31.0,50.0,4,3.0,2.0,315,4
31.0,50.0,4,3.0,50.0,864,5
31.0,50.0,4,3.0,700.0,305,4
31.0,50.0,4,3.0,60.0,317,5
31.0,50.0,4,3.0,11.0,309,4
31.0,50.0,4,3.0,2900.0,306,4
31.0,50.0,4,3.0,1500.0,307,4
31.0,50.0,4,3.0,2.3,865,1
14.0,18.0,3,4.0,1300.0,301,4
14.0,18.0,3,4.0,44.0,862,5
14.0,18.0,3,4.0,1300.0,312,5
14.0,18.0,3,4.0,3.0,313,4
14.0,18.0,3,4.0,290.0,863,5
14.0,18.0,3,4.0,10.0,303,4
14.0,18.0,3,4.0,360.0,304,4
14.0,18.0,3,4.0,2.6,315,4
14.0,18.0,3,4.0,50.0,864,5
14.0,18.0,3,4.0,1250.0,305,4
14.0,18.0,3,4.0,70.0,317,5
14.0,18.0,3,4.0,13.0,309,4
14.0,18.0,3,4.0,2500.0,306,4
14.0,18.0,3,4.0,1500.0,307,4
14.0,18.0,3,4.0,2.3,865,1
19.0,30.0,4,4.0,1000.0,301,4
19.0,30.0,4,4.0,45.0,862,5
19.0,30.0,4,4.0,1300.0,312,5
19.0,30.0,4,4.0,3.0,313,4
19.0,30.0,4,4.0,290.0,863,5
19.0,30.0,4,4.0,9.0,303,4
19.0,30.0,4,4.0,310.0,304,4
19.0,30.0,4,4.0,2.6,315,4
19.0,30.0,4,4.0,50.0,864,5
19.0,30.0,4,4.0,700.0,305,4
19.0,30.0,4,4.0,70.0,317,5
19.0,30.0,4,4.0,12.0,309,4
19.0,30.0,4,4.0,2800.0,306,4
19.0,30.0,4,4.0,1500.0,307,4
19.0,30.0,4,4.0,2.3,865,1
31.0,50.0,4,4.0,1000.0,301,4
31.0,50.0,4,4.0,45.0,862,5
31.0,50.0,4,4.0,1300.0,312,5
31.0,50.0,4,4.0,3.0,313,4
31.0,50.0,4,4.0,290.0,863,5
31.0,50.0,4,4.0,9.0,303,4
31.0,50.0,4,4.0,320.0,304,4
31.0,50.0,4,4.0,2.6,315,4
31.0,50.0,4,4.0,50.0,864,5
31.0,50.0,4,4.0,700.0,305,4
31.0,50.0,4,4.0,70.0,317,5
31.0,50.0,4,4.0,12.0,309,4
31.0,50.0,4,4.0,2800.0,306,4
31.0,50.0,4,4.0,1500.0,307,4
31.0,50.0,4,4.0,2.3,865,1
0.0,0.5,1,,400.0,320,5
0.0,0.5,1,,40.0,401,4
0.0,0.5,1,,10.0,328,5
0.0,0.5,1,,4.0,323,4
0.0,0.5,1,,2.0,430,5
0.0,0.5,1,,0.2,404,4
0.0,0.5,1,,0.3,405,4
0.0,0.5,1,,2.0,406,4
0.0,0.5,1,,0.1,415,4
0.0,0.5,1,,65.0,417,5
0.0,0.5,1,,0.4,418,5
0.0,0.5,1,,1.7,410,4
0.0,0.5,1,,5.0,869,5
0.0,0.5,1,,125.0,421,4
0.583333333333333,0.916666666666667,1,,500.0,320,5
0.583333333333333,0.916666666666667,1,,50.0,401,4
0.583333333333333,0.916666666666667,1,,10.0,328,5
0.583333333333333,0.916666666666667,1,,5.0,323,4
0.583333333333333,0.916666666666667,1,,2.5,430,5
0.583333333333333,0.916666666666667,1,,0.3,404,4
0.583333333333333,0.916666666666667,1,,0.4,405,4
0.583333333333333,0.916666666666667,1,,4.0,406,4
0.583333333333333,0.916666666666667,1,,0.3,415,4
0.583333333333333,0.916666666666667,1,,80.0,417,5
0.583333333333333,0.916666666666667,1,,0.5,418,5
0.583333333333333,0.916666666666667,1,,1.8,410,4
0.583333333333333,0.916666666666667,1,,6.0,869,5
0.583333333333333,0.916666666666667,1,,150.0,421,4
1.0,3.0,2,,300.0,320,5
1.0,3.0,2,,15.0,401,4
1.0,3.0,2,,15.0,328,5
1.0,3.0,2,,6.0,323,4
1.0,3.0,2,,30.0,430,5
1.0,3.0,2,,0.5,404,4
1.0,3.0,2,,0.5,405,4
1.0,3.0,2,,6.0,406,4
1.0,3.0,2,,0.5,415,4
1.0,3.0,2,,150.0,417,5
1.0,3.0,2,,0.9,418,5
1.0,3.0,2,,2.0,410,4
1.0,3.0,2,,8.0,869,5
1.0,3.0,2,,200.0,421,4
4.0,8.0,2,,400.0,320,5
4.0,8.0,2,,25.0,401,4
4.0,8.0,2,,15.0,328,5
4.0,8.0,2,,7.0,323,4
4.0,8.0,2,,55.0,430,5
4.0,8.0,2,,0.6,404,4
4.0,8.0,2,,0.6,405,4
4.0,8.0,2,,8.0,406,4
4.0,8.0,2,,0.6,415,4
4.0,8.0,2,,200.0,417,5
4.0,8.0,2,,1.2,418,5
4.0,8.0,2,,3.0,410,4
4.0,8.0,2,,12.0,869,5
4.0,8.0,2,,250.0,421,4
9.0,13.0,2,1.0,600.0,320,5
9.0,13.0,2,1.0,45.0,401,4
9.0,13.0,2,1.0,15.0,328,5
9.0,13.0,2,1.0,11.0,323,4
9.0,13.0,2,1.0,60.0,430,5
9.0,13.0,2,1.0,0.9,404,4
9.0,13.0,2,1.0,0.9,405,4
9.0,13.0,2,1.0,12.0,406,4
9.0,13.0,2,1.0,1.0,415,4
9.0,13.0,2,1.0,300.0,417,5
9.0,13.0,2,1.0,1.8,418,5
9.0,13.0,2,1.0,4.0,410,4
9.0,13.0,2,1.0,20.0,869,5
9.0,13.0,2,1.0,375.0,421,4
14.0,18.0,3,1.0,900.0,320,5
14.0,18.0,3,1.0,75.0,401,4
14.0,18.0,3,1.0,15.0,328,5
14.0,18.0,3,1.0,15.0,323,4
14.0,18.0,3,1.0,75.0,430,5
14.0,18.0,3,1.0,1.2,404,4
14.0,18.0,3,1.0,1.3,405,4
14.0,18.0,3,1.0,16.0,406,4
14.0,18.0,3,1.0,1.3,415,4
14.0,18.0,3,1.0,400.0,417,5
14.0,18.0,3,1.0,2.4,418,5
14.0,18.0,3,1.0,5.0,410,4
14.0,18.0,3,1.0,25.0,869,5
14.0,18.0,3,1.0,550.0,421,4
19.0,30.0,4,1.0,900.0,320,5
19.0,30.0,4,1.0,90.0,401,4
19.0,30.0,4,1.0,15.0,328,5
19.0,30.0,4,1.0,15.0,323,4
19.0,30.0,4,1.0,120.0,430,5
19.0,30.0,4,1.0,1.2,404,4
19.0,30.0,4,1.0,1.3,405,4
19.0,30.0,4,1.0,16.0,406,4
19.0,30.0,4,1.0,1.3,415,4
19.0,30.0,4,1.0,400.0,417,5
19.0,30.0,4,1.0,2.4,418,5
19.0,30.0,4,1.0,5.0,410,4
19.0,30.0,4,1.0,30.0,869,5
19.0,30.0,4,1.0,550.0,421,4
31.0,50.0,4,1.0,900.0,320,5
31.0,50.0,4,1.0,90.0,401,4
31.0,50.0,4,1.0,15.0,328,5
31.0,50.0,4,1.0,15.0,323,4
31.0,50.0,4,1.0,120.0,430,5
31.0,50.0,4,1.0,1.2,404,4
31.0,50.0,4,1.0,1.3,405,4
31.0,50.0,4,1.0,16.0,406,4
31.0,50.0,4,1.0,1.3,415,4
31.0,50.0,4,1.0,400.0,417,5
31.0,50.0,4,1.0,2.4,418,5
31.0,50.0,4,1.0,5.0,410,4
31.0,50.0,4,1.0,30.0,869,5
31.0,50.0,4,1.0,550.0,421,4
51.0,70.0,4,1.0,900.0,320,5
51.0,70.0,4,1.0,90.0,401,4
51.0,70.0,4,1.0,15.0,328,5
51.0,70.0,4,1.0,15.0,323,4
51.0,70.0,4,1.0,120.0,430,5
51.0,70.0,4,1.0,1.2,404,4
51.0,70.0,4,1.0,1.3,405,4
51.0,70.0,4,1.0,16.0,406,4
51.0,70.0,4,1.0,1.7,415,4
51.0,70.0,4,1.0,400.0,417,5
51.0,70.0,4,1.0,2.4,418,5
51.0,70.0,4,1.0,5.0,410,4
51.0,70.0,4,1.0,30.0,869,5
51.0,70.0,4,1.0,550.0,421,4
71.0,200.0,5,1.0,900.0,320,5
71.0,200.0,5,1.0,90.0,401,4
71.0,200.0,5,1.0,20.0,328,5
71.0,200.0,5,1.0,15.0,323,4
71.0,200.0,5,1.0,120.0,430,5
71.0,200.0,5,1.0,1.2,404,4
71.0,200.0,5,1.0,1.3,405,4
71.0,200.0,5,1.0,16.0,406,4
71.0,200.0,5,1.0,1.7,415,4
71.0,200.0,5,1.0,400.0,417,5
71.0,200.0,5,1.0,2.4,418,5
71.0,200.0,5,1.0,5.0,410,4
71.0,200.0,5,1.0,30.0,869,5
71.0,200.0,5,1.0,550.0,421,4
9.0,13.0,2,2.0,600.0,320,5
9.0,13.0,2,2.0,45.0,401,4
9.0,13.0,2,2.0,15.0,328,5
9.0,13.0,2,2.0,11.0,323,4
9.0,13.0,2,2.0,60.0,430,5
9.0,13.0,2,2.0,0.9,404,4
9.0,13.0,2,2.0,0.9,405,4
9.0,13.0,2,2.0,12.0,406,4
9.0,13.0,2,2.0,1.0,415,4
9.0,13.0,2,2.0,300.0,417,5
9.0,13.0,2,2.0,1.8,418,5
9.0,13.0,2,2.0,4.0,410,4
9.0,13.0,2,2.0,20.0,869,5
9.0,13.0,2,2.0,375.0,421,4
14.0,18.0,3,2.0,700.0,320,5
14.0,18.0,3,2.0,65.0,401,4
14.0,18.0,3,2.0,15.0,328,5
14.0,18.0,3,2.0,15.0,323,4
14.0,18.0,3,2.0,75.0,430,5
14.0,18.0,3,2.0,1.0,404,4
14.0,18.0,3,2.0,1.0,405,4
14.0,18.0,3,2.0,14.0,406,4
14.0,18.0,3,2.0,1.2,415,4
14.0,18.0,3,2.0,400.0,417,5
14.0,18.0,3,2.0,2.4,418,5
14.0,18.0,3,2.0,5.0,410,4
14.0,18.0,3,2.0,25.0,869,5
14.0,18.0,3,2.0,400.0,421,4
19.0,30.0,4,2.0,700.0,320,5
19.0,30.0,4,2.0,75.0,401,4
19.0,30.0,4,2.0,15.0,328,5
19.0,30.0,4,2.0,15.0,323,4
19.0,30.0,4,2.0,90.0,430,5
19.0,30.0,4,2.0,1.1,404,4
19.0,30.0,4,2.0,1.1,405,4
19.0,30.0,4,2.0,14.0,406,4
19.0,30.0,4,2.0,1.3,415,4
19.0,30.0,4,2.0,400.0,417,5
19.0,30.0,4,2.0,2.4,418,5
19.0,30.0,4,2.0,5.0,410,4
19.0,30.0,4,2.0,30.0,869,5
19.0,30.0,4,2.0,425.0,421,4
31.0,50.0,4,2.0,700.0,320,5
31.0,50.0,4,2.0,75.0,401,4
31.0,50.0,4,2.0,15.0,328,5
31.0,50.0,4,2.0,15.0,323,4
31.0,50.0,4,2.0,90.0,430,5
31.0,50.0,4,2.0,1.1,404,4
31.0,50.0,4,2.0,1.1,405,4
31.0,50.0,4,2.0,14.0,406,4
31.0,50.0,4,2.0,1.3,415,4
31.0,50.0,4,2.0,400.0,417,5
31.0,50.0,4,2.0,2.4,418,5
31.0,50.0,4,2.0,5.0,410,4
31.0,50.0,4,2.0,30.0,869,5
31.0,50.0,4,2.0,425.0,421,4
51.0,70.0,4,2.0,700.0,320,5
51.0,70.0,4,2.0,75.0,401,4
51.0,70.0,4,2.0,15.0,328,5
51.0,70.0,4,2.0,15.0,323,4
51.0,70.0,4,2.0,90.0,430,5
51.0,70.0,4,2.0,1.1,404,4
51.0,70.0,4,2.0,1.1,405,4
51.0,70.0,4,2.0,14.0,406,4
51.0,70.0,4,2.0,1.5,415,4
51.0,70.0,4,2.0,400.0,417,5
51.0,70.0,4,2.0,2.4,418,5
51.0,70.0,4,2.0,5.0,410,4
51.0,70.0,4,2.0,30.0,869,5
51.0,70.0,4,2.0,425.0,421,4
71.0,200.0,5,2.0,700.0,320,5
71.0,200.0,5,2.0,75.0,401,4
71.0,200.0,5,2.0,20.0,328,5
71.0,200.0,5,2.0,15.0,323,4
71.0,200.0,5,2.0,90.0,430,5
71.0,200.0,5,2.0,1.1,404,4
71.0,200.0,5,2.0,1.1,405,4
71.0,200.0,5,2.0,14.0,406,4
71.0,200.0,5,2.0,1.5,415,4
71.0,200.0,5,2.0,400.0,417,5
71.0,200.0,5,2.0,2.4,418,5
71.0,200.0,5,2.0,5.0,410,4
71.0,200.0,5,2.0,30.0,869,5
71.0,200.0,5,2.0,425.0,421,4
14.0,18.0,3,3.0,750.0,320,5
14.0,18.0,3,3.0,80.0,401,4
14.0,18.0,3,3.0,15.0,328,5
14.0,18.0,3,3.0,15.0,323,4
14.0,18.0,3,3.0,75.0,430,5
14.0,18.0,3,3.0,1.4,404,4
14.0,18.0,3,3.0,1.4,405,4
14.0,18.0,3,3.0,18.0,406,4
14.0,18.0,3,3.0,1.9,415,4
14.0,18.0,3,3.0,600.0,417,5
14.0,18.0,3,3.0,2.6,418,5
14.0,18.0,3,3.0,6.0,410,4
14.0,18.0,3,3.0,30.0,869,5
14.0,18.0,3,3.0,450.0,421,4
19.0,30.0,4,3.0,770.0,320,5
19.0,30.0,4,3.0,85.0,401,4
19.0,30.0,4,3.0,15.0,328,5
19.0,30.0,4,3.0,15.0,323,4
19.0,30.0,4,3.0,90.0,430,5
19.0,30.0,4,3.0,1.4,404,4
19.0,30.0,4,3.0,1.4,405,4
19.0,30.0,4,3.0,18.0,406,4
19.0,30.0,4,3.0,1.9,415,4
19.0,30.0,4,3.0,600.0,417,5
19.0,30.0,4,3.0,2.6,418,5
19.0,30.0,4,3.0,6.0,410,4
19.0,30.0,4,3.0,30.0,869,5
19.0,30.0,4,3.0,450.0,421,4
31.0,50.0,4,3.0,770.0,320,5
31.0,50.0,4,3.0,85.0,401,4
31.0,50.0,4,3.0,15.0,328,5
31.0,50.0,4,3.0,15.0,323,4
31.0,50.0,4,3.0,90.0,430,5
31.0,50.0,4,3.0,1.4,404,4
31.0,50.0,4,3.0,1.4,405,4
31.0,50.0,4,3.0,18.0,406,4
31.0,50.0,4,3.0,1.9,415,4
31.0,50.0,4,3.0,600.0,417,5
31.0,50.0,4,3.0,2.6,418,5
31.0,50.0,4,3.0,6.0,410,4
31.0,50.0,4,3.0,30.0,869,5
31.0,50.0,4,3.0,450.0,421,4
14.0,18.0,3,4.0,1200.0,320,5
14.0,18.0,3,4.0,115.0,401,4
14.0,18.0,3,4.0,15.0,328,5
14.0,18.0,3,4.0,19.0,323,4
14.0,18.0,3,4.0,75.0,430,5
14.0,18.0,3,4.0,1.4,404,4
14.0,18.0,3,4.0,1.6,405,4
14.0,18.0,3,4.0,17.0,406,4
14.0,18.0,3,4.0,2.0,415,4
14.0,18.0,3,4.0,500.0,417,5
14.0,18.0,3,4.0,2.8,418,5
14.0,18.0,3,4.0,7.0,410,4
14.0,18.0,3,4.0,35.0,869,5
14.0,18.0,3,4.0,550.0,421,4
19.0,30.0,4,4.0,1300.0,320,5
19.0,30.0,4,4.0,120.0,401,4
19.0,30.0,4,4.0,15.0,328,5
19.0,30.0,4,4.0,19.0,323,4
19.0,30.0,4,4.0,90.0,430,5
19.0,30.0,4,4.0,1.4,404,4
19.0,30.0,4,4.0,1.6,405,4
19.0,30.0,4,4.0,17.0,406,4
19.0,30.0,4,4.0,2.0,415,4
19.0,30.0,4,4.0,500.0,417,5
19.0,30.0,4,4.0,2.8,418,5
19.0,30.0,4,4.0,7.0,410,4
19.0,30.0,4,4.0,35.0,869,5
19.0,30.0,4,4.0,550.0,421,4
31.0,50.0,4,4.0,1300.0,320,5
31.0,50.0,4,4.0,120.0,401,4
31.0,50.0,4,4.0,15.0,328,5
31.0,50.0,4,4.0,19.0,323,4
31.0,50.0,4,4.0,90.0,430,5
31.0,50.0,4,4.0,1.4,404,4
31.0,50.0,4,4.0,1.6,405,4
31.0,50.0,4,4.0,17.0,406,4
31.0,50.0,4,4.0,2.0,415,4
31.0,50.0,4,4.0,500.0,417,5
31.0,50.0,4,4.0,2.8,418,5
31.0,50.0,4,4.0,7.0,410,4
31.0,50.0,4,4.0,35.0,869,5
31.0,50.0,4,4.0,550.0,421,4
0.0,0.5,1,,0.7,255,8
0.0,0.5,1,,60.0,205,1
0.0,0.5,1,,,291,1
0.0,0.5,1,,31.0,204,1
0.0,0.5,1,,4.4,860,1
0.0,0.5,1,,0.5,861,1
0.0,0.5,1,,9.1,203,1
0.583333333333333,0.916666666666667,1,,0.8,255,8
0.583333333333333,0.916666666666667,1,,95.0,205,1
0.583333333333333,0.916666666666667,1,,,291,1
0.583333333333333,0.916666666666667,1,,30.0,204,1
0.583333333333333,0.916666666666667,1,,4.6,860,1
0.583333333333333,0.916666666666667,1,,0.5,861,1
0.583333333333333,0.916666666666667,1,,11.0,203,1
1.0,3.0,2,,1.3,255,8
1.0,3.0,2,,130.0,205,1
1.0,3.0,2,,19.0,291,1
1.0,3.0,2,,,204,1
1.0,3.0,2,,7.0,860,1
1.0,3.0,2,,0.7,861,1
1.0,3.0,2,,13.0,203,1
4.0,8.0,2,,1.7,255,8
4.0,8.0,2,,130.0,205,1
4.0,8.0,2,,25.0,291,1
4.0,8.0,2,,,204,1
4.0,8.0,2,,10.0,860,1
4.0,8.0,2,,0.9,861,1
4.0,8.0,2,,19.0,203,1
9.0,13.0,2,1.0,2.4,255,8
9.0,13.0,2,1.0,130.0,205,1
9.0,13.0,2,1.0,31.0,291,1
9.0,13.0,2,1.0,,204,1
9.0,13.0,2,1.0,12.0,860,1
9.0,13.0,2,1.0,1.2,861,1
9.0,13.0,2,1.0,34.0,203,1
14.0,18.0,3,1.0,3.3,255,8
14.0,18.0,3,1.0,130.0,205,1
14.0,18.0,3,1.0,38.0,291,1
14.0,18.0,3,1.0,,204,1
14.0,18.0,3,1.0,16.0,860,1
14.0,18.0,3,1.0,1.6,861,1
14.0,18.0,3,1.0,52.0,203,1
19.0,30.0,4,1.0,3.7,255,8
19.0,30.0,4,1.0,130.0,205,1
19.0,30.0,4,1.0,38.0,291,1
19.0,30.0,4,1.0,,204,1
19.0,30.0,4,1.0,17.0,860,1
19.0,30.0,4,1.0,1.6,861,1
19.0,30.0,4,1.0,56.0,203,1
31.0,50.0,4,1.0,3.7,255,8
31.0,50.0,4,1.0,130.0,205,1
31.0,50.0,4,1.0,38.0,291,1
31.0,50.0,4,1.0,,204,1
31.0,50.0,4,1.0,17.0,860,1
31.0,50.0,4,1.0,1.6,861,1
31.0,50.0,4,1.0,56.0,203,1
51.0,70.0,4,1.0,3.7,255,8
51.0,70.0,4,1.0,130.0,205,1
51.0,70.0,4,1.0,30.0,291,1
51.0,70.0,4,1.0,,204,1
51.0,70.0,4,1.0,14.0,860,1
51.0,70.0,4,1.0,1.6,861,1
51.0,70.0,4,1.0,56.0,203,1
71.0,200.0,5,1.0,3.7,255,8
71.0,200.0,5,1.0,130.0,205,1
71.0,200.0,5,1.0,30.0,291,1
71.0,200.0,5,1.0,,204,1
71.0,200.0,5,1.0,14.0,860,1
71.0,200.0,5,1.0,1.6,861,1
71.0,200.0,5,1.0,56.0,203,1
9.0,13.0,2,2.0,2.1,255,8
9.0,13.0,2,2.0,130.0,205,1
9.0,13.0,2,2.0,26.0,291,1
9.0,13.0,2,2.0,,204,1
9.0,13.0,2,2.0,10.0,860,1
9.0,13.0,2,2.0,1.0,861,1
9.0,13.0,2,2.0,34.0,203,1
14.0,18.0,3,2.0,2.3,255,8
14.0,18.0,3,2.0,130.0,205,1
14.0,18.0,3,2.0,26.0,291,1
14.0,18.0,3,2.0,,204,1
14.0,18.0,3,2.0,11.0,860,1
14.0,18.0,3,2.0,1.1,861,1
14.0,18.0,3,2.0,46.0,203,1
19.0,30.0,4,2.0,2.7,255,8
19.0,30.0,4,2.0,130.0,205,1
19.0,30.0,4,2.0,25.0,291,1
19.0,30.0,4,2.0,,204,1
19.0,30.0,4,2.0,12.0,860,1
19.0,30.0,4,2.0,1.1,861,1
19.0,30.0,4,2.0,46.0,203,1
31.0,50.0,4,2.0,2.7,255,8
31.0,50.0,4,2.0,130.0,205,1
31.0,50.0,4,2.0,25.0,291,1
31.0,50.0,4,2.0,,204,1
31.0,50.0,4,2.0,12.0,860,1
31.0,50.0,4,2.0,1.1,861,1
31.0,50.0,4,2.0,46.0,203,1
51.0,70.0,4,2.0,2.7,255,8
51.0,70.0,4,2.0,130.0,205,1
51.0,70.0,4,2.0,21.0,291,1
51.0,70.0,4,2.0,,204,1
51.0,70.0,4,2.0,11.0,860,1
51.0,70.0,4,2.0,1.1,861,1
51.0,70.0,4,2.0,46.0,203,1
71.0,200.0,5,2.0,2.7,255,8
71.0,200.0,5,2.0,130.0,205,1
71.0,200.0,5,2.0,21.0,291,1
71.0,200.0,5,2.0,,204,1
71.0,200.0,5,2.0,11.0,860,1
71.0,200.0,5,2.0,1.1,861,1
71.0,200.0,5,2.0,46.0,203,1
14.0,18.0,3,3.0,3.0,255,8
14.0,18.0,3,3.0,175.0,205,1
14.0,18.0,3,3.0,28.0,291,1
14.0,18.0,3,3.0,,204,1
14.0,18.0,3,3.0,13.0,860,1
14.0,18.0,3,3.0,1.4,861,1
14.0,18.0,3,3.0,71.0,203,1
19.0,30.0,4,3.0,3.0,255,8
19.0,30.0,4,3.0,175.0,205,1
19.0,30.0,4,3.0,28.0,291,1
19.0,30.0,4,3.0,,204,1
19.0,30.0,4,3.0,13.0,860,1
19.0,30.0,4,3.0,1.4,861,1
19.0,30.0,4,3.0,71.0,203,1
31.0,50.0,4,3.0,3.0,255,8
31.0,50.0,4,3.0,175.0,205,1
31.0,50.0,4,3.0,28.0,291,1
31.0,50.0,4,3.0,,204,1
31.0,50.0,4,3.0,13.0,860,1
31.0,50.0,4,3.0,1.4,861,1
31.0,50.0,4,3.0,71.0,203,1
14.0,18.0,3,4.0,3.8,255,8
14.0,18.0,3,4.0,210.0,205,1
14.0,18.0,3,4.0,29.0,291,1
14.0,18.0,3,4.0,,204,1
14.0,18.0,3,4.0,13.0,860,1
14.0,18.0,3,4.0,1.3,861,1
14.0,18.0,3,4.0,71.0,203,1
19.0,30.0,4,4.0,3.8,255,8
19.0,30.0,4,4.0,210.0,205,1
19.0,30.0,4,4.0,29.0,291,1
19.0,30.0,4,4.0,,204,1
19.0,30.0,4,4.0,13.0,860,1
19.0,30.0,4,4.0,1.3,861,1
19.0,30.0,4,4.0,71.0,203,1
31.0,50.0,4,4.0,3.8,255,8
31.0,50.0,4,4.0,210.0,205,1
31.0,50.0,4,4.0,29.0,291,1
31.0,50.0,4,4.0,,204,1
31.0,50.0,4,4.0,13.0,860,1
31.0,50.0,4,4.0,1.3,861,1
31.0,50.0,4,4.0,71.0,203,1
